0 4
0 8
0 18
0 25
0 35
0 41
1 14
1 15
1 16
1 25
1 27
1 29
1 30
1 50
2 10
2 18
2 20
2 25
2 26
2 35
2 36
2 41
3 10
3 24
3 25
3 35
3 36
4 18
4 24
4 25
4 28
5 9
5 21
5 25
5 29
5 30
5 41
5 42
5 45
5 50
6 7
6 20
6 22
6 25
6 26
6 31
6 37
7 20
7 25
7 37
8 21
8 25
8 27
8 29
8 42
9 21
9 25
9 29
9 42
9 50
10 24
10 25
10 35
11 25
11 27
11 48
12 25
12 28
12 33
12 35
12 41
13 25
14 25
15 25
15 49
16 25
16 41
17 25
17 43
18 25
19 25
19 44
20 25
20 26
20 37
21 25
21 35
21 44
21 45
22 25
22 26
22 31
22 41
23 25
24 25
24 32
24 35
24 36
25 26
25 27
25 28
25 29
25 30
25 31
25 32
25 33
25 34
25 35
25 36
25 37
25 38
25 39
25 40
25 41
25 42
25 43
25 44
25 45
25 46
25 47
25 48
25 49
25 50
26 31
26 41
27 29
27 40
27 41
27 42
27 46
27 48
27 49
27 50
28 35
28 41
28 47
29 30
29 42
29 45
29 50
30 42
31 37
31 41
32 46
33 41
33 47
34 41
35 41
36 41
37 41
38 41
39 41
40 48
41 48
42 49
